Melpoints
[    0.           117.642031     235.28406201   352.92609301   470.56812401
   588.21015501   705.85218602   823.49421702   941.13624802  1058.77827902
  1176.42031003  1294.06234103  1411.70437203  1529.34640303  1646.98843404
  1764.63046504  1882.27249604  1999.91452705  2117.55655805  2235.19858905
  2352.84062005  2470.48265106  2588.12468206  2705.76671306  2823.40874406
  2941.05077507  3058.69280607  3176.33483707]

Frequency points
[     0.             77.0195071     162.51330631    257.41380592
    362.7560051     479.68878179    609.48742252    753.56753086
    913.50046625   1091.03048142   1288.09374554   1506.83946034
   1749.65329961   2019.18342777   2318.3693811    2650.4741268
   3019.11964939   3428.32645261   3882.55740768   4386.76642598
   4946.45248724   5567.71961217   6257.34343388   7022.84509392
   7872.57326902   8815.79522301   9862.79787697  11025.        ]
